16 21
2 20
2 19
7 20
8 19
11 20
11 19
8 18
8 17
14 20
16 18
14 16
14 15
8 16
8 15
14 14
14 13
11 18
11 17
5 20
5 19
8 14
8 13
11 16
11 15
8 12
8 11
16 17
16 16
8 10
8 9
11 14
11 13
14 12
14 11
8 8
11 7
16 15
16 14
5 18
5 17
11 12
11 11
11 6
11 5
5 16
5 15
5 14
5 13
16 13
16 12
5 12
5 11
16 11
16 10
5 10
5 9
14 10
14 9
2 8
2 7
5 8
5 7
2 10
2 11
14 8
14 7
5 6
5 5
14 6
16 5
5 4
5 3
2 12
2 13
14 4
14 3
2 6
2 5
5 2
8 1
2 4
2 3
2 14
2 15
16 9
16 8
2 2
2 1
2 0
11 8
11 9
13 2
13 1
13 0
14 0
2 16
2 17
11 4
11 3
16 3
11 2
11 1
8 2
8 3
16 2
11 0
8 4
8 5
16 1
